Barrier-Blue-five -7.49975e-05 0.52557 0.137752 0.384244 0.519547 6.01801
Barrier-Red 0 0.52557 4.76837e-07 0.352479 0.519546 1
Building-G-04 0.00243282 16.5124 0.157697 13.1845 16.3751 13.0302
Building-G-08 0.256271 11.8353 0.802879 15.7002 11.8375 9.2204
Building-Grid-11 -0.947514 6.38125 -11.6408 100.052 6.42258 10.397
C-1-3-A -27.5001 5.35811 116.085 222.5 5.38604 133.915
C-3-3-B -152.5 4.46719 152.5 97.5004 4.46723 97.5001
Cabin-03 -4.76837e-07 1.60388 -0.067068 1.78106 1.60388 1.84813
Cabin-E-01 -1.22876 3.5 2.15234 2.30593 3.5173 3.48051
Cabin-H 0 2.58395 1.85 1 2.58395 2.85
Camera -0.0039085 2.75268 -0.347693 0.116549 2.75268 0.446729
Containers -0.000155449 2.90143 0.0779325 6.21225 2.90143 1.57793
Crane 5.59329 11.0597 0.022078 9.65133 11.1656 3.14286
Crane-02 -2.60725 10.1764 0.187204 5.45468 10.2164 1.7426
DC-2-2-Q 33.4831 1.2794 -204.444 283.483 10.4416 396.827
Detail-01 0 7.68984 1.51919 1.90201 7.68984 6.51919
Detail-03-b 0 4.17723 -1.4289 25.6254 4.3135 3.55681
FootBridge-A-02 0 3.6902 4.29153e-06 25.4824 3.6902 11.1482
Footbridge-C-02 0 3.6902 6.31392 26.2569 3.6902 8.4022
GRID-R-A 6.3174 5.10465 -2.28882e-05 91.4775 5.35466 250
GrandStand-08 -3.8147e-06 9.8489 -0.967302 71.8912 9.85641 13.784
GrandStand-09-m 0 8.47243 0.104235 30 8.47243 7.29337
Light-02 0.0130155 6.6412 0.03342 0.896981 6.6412 0.902217
Light-03 -0.000513986 2.74868 -0.007423 0.25587 2.74868 0.186157
Light-04 -0.00713897 4.24118 -0.56067 1.2483 4.24118 0.651
Light-06 -3.20273 4.34279 0.0300175 3.283 5.81315 0.24073
OutDoor-C2-1 0 3.73592 -0.145453 3.05071 4.31966 0.16589
OutDoor-D-1 0 5.4487 0.0546715 24.014 5.55556 0.292742
Outdoor-F-1 -0.13875 5.0323 0.04861 7.13181 5.0323 0.263037
Outdoor-F-2 -0.13875 5.0323 0.04861 7.13181 5.0323 0.263037
Outdoor-J 0 6.45503 1.99676e-06 2 6.45453 0.712833
Outdoor-i-1 0 8.26208 2.02656e-06 1.8 8.26208 1.8
Post-Start-03-RA -9.23414 5.61134 -0.034191 17.7706 6.37256 0.456875
Quimical-Five -4.76837e-07 1.57069 0 3.50065 1.57069 0.8
R-1-2-A 62.4996 4.49841 -0.00209808 132.5 4.49845 250.002
R-1-2-B 62.4998 4.40647 -0.000854492 132.5 4.40651 250.001
R-2-2-A -0.000125885 5.1891 4.57764e-05 70.0004 5.18915 250
StartGrid 0 0.0100105 -65.4776 8.7 1.05002e-05 65.6081
Stone-01 -0.131029 1.17957 -1.33834 3.28691 1.6093 4.00982
Stone-02 -0.243759 0.385951 -0.735447 1.79471 0.839518 2.18473
Stone-03 -0.22423 0.836338 -0.704334 3.7834 1.18635 3.91251
Tents -0.516926 2.036 1.15933 17.9792 2.16881 3.30184
Tires_Barrier 0.00932348 0.54 -9.83477e-07 2.10724 0.54 0.702413
Truss-01 0.00218809 4.01764 0.00427103 2.06744 4.01827 1.13764
megaphone -0.015979 3.51683 0.2453 1.13149 3.51683 0.350094
scaffold -0.44161 2.76787 0.309165 5.03084 2.77552 0.989334
